441160980
873576842
1003003739
568494701
715983702
1818139829
117826241
304366837
2005029451
697570584
328479412
406980000
1259320947
93302769
206129941
2111196695
989659639
122540203
1867294344
288346565
1340676411
518509929
1930439065
263119199
884328456
1114721130
1339261973
1813812788
739312306
1347562259
912860861
1180473286
73655453
1915864600
1748967987
789639155
1586520781
1866794229
1094005992
1444066584
416881165
1422485404
1851046584
1676202112
1515788174
2057176526
1639915159
357964165
32233081
1359725855
646310730
1372909492
1878235785
429266147
1636028692
615080593
1543987278
827807017
281409733
135815936
27885628
1194270594
1316289223
101541081
962651546
917773562
891180236
401688679
637084143
1985186229
1845755264
1053965308
1260187985
1549318200
582683772
628492511
1459011078
75115284
986456676
1491244160
1434841139
1632767407
716670004
1165593276
2062033554
205215048
1780673870
1458537184
1033022065
2062083603
1594353121
1060907693
1108870550
763158696
1162448774
2071522096
1680932258
2053629011
325727128
170532754
